50
3
1 2 3
2 3 5
3 5 6
2 3 4
1 2 3
7
4 5 6 7 8 9 10
5 6 7 8 9 10 11
1 2 3 4 5 6 7
2 3 4 5 6 7 8
7 8 9 10 11 12 13
2 3 4 5 6 7 8
5 6 7 8 9 10 11
3 4 5 6 7 8 9
4 5 6 7 8 9 10
6 7 8 9 10 11 12
7 8 9 10 11 12 13
3 4 5 6 7 8 9
6 7 8 9 10 11 12
8
6 7 9 10 13 14 18 21
10 14 18 20 24 28 30 32
2 4 7 10 13 14 17 19
3 4 5 7 11 13 16 19
13 16 18 23 26 30 33 34
9 11 13 18 22 24 25 29
7 10 13 16 18 21 23 25
4 5 9 13 15 18 21 23
13 19 23 26 29 31 34 38
1 3 6 7 8 10 12 13
1 2 4 6 9 10 13 15
10 13 14 21 25 28 29 31
8 13 15 19 22 25 26 28
15 19 21 25 28 32 35 38
12 17 21 24 25 29 33 35
10
51 52 53 54 55 56 57 58 59 60
7 17 27 37 47 57 67 77 87 97
4 14 24 34 44 54 64 74 84 94
2 12 22 32 42 52 62 72 82 92
71 72 73 74 75 76 77 78 79 80
10 20 30 40 50 60 70 80 90 100
31 32 33 34 35 36 37 38 39 40
6 16 26 36 46 56 66 76 86 96
8 18 28 38 48 58 68 78 88 98
5 15 25 35 45 55 65 75 85 95
1 11 21 31 41 51 61 71 81 91
3 13 23 33 43 53 63 73 83 93
41 42 43 44 45 46 47 48 49 50
81 82 83 84 85 86 87 88 89 90
61 62 63 64 65 66 67 68 69 70
91 92 93 94 95 96 97 98 99 100
21 22 23 24 25 26 27 28 29 30
1 2 3 4 5 6 7 8 9 10
11 12 13 14 15 16 17 18 19 20
2
2 6
6 8
2 4
10
1 2 3 4 5 6 7 8 9 10
10 11 12 13 14 15 16 17 18 19
8 9 10 11 12 13 14 15 16 17
6 7 8 9 10 11 12 13 14 15
5 6 7 8 9 10 11 12 13 14
2 3 4 5 6 7 8 9 10 11
2 3 4 5 6 7 8 9 10 11
4 5 6 7 8 9 10 11 12 13
3 4 5 6 7 8 9 10 11 12
7 8 9 10 11 12 13 14 15 16
9 10 11 12 13 14 15 16 17 18
9 10 11 12 13 14 15 16 17 18
6 7 8 9 10 11 12 13 14 15
8 9 10 11 12 13 14 15 16 17
7 8 9 10 11 12 13 14 15 16
5 6 7 8 9 10 11 12 13 14
4 5 6 7 8 9 10 11 12 13
1 2 3 4 5 6 7 8 9 10
3 4 5 6 7 8 9 10 11 12
4
1 2 3 7
3 5 6 12
1 2 3 8
8 9 12 13
2 4 5 9
7 10 11 13
3 5 6 11
10
6 9 10 14 17 19 22 23 25 27
3 6 7 11 14 16 18 20 22 24
7 10 14 17 20 23 24 28 29 32
18 22 24 33 34 36 41 46 47 53
11 14 17 22 26 29 33 35 36 37
20 23 29 35 38 43 46 50 53 55
7 13 14 18 21 23 26 29 31 34
8 14 18 22 26 29 33 34 35 37
22 25 31 36 41 45 47 53 56 58
12 17 21 26 27 30 34 38 42 46
17 22 26 33 37 39 41 42 46 52
22 25 29 35 42 43 46 53 56 59
16 19 23 29 30 35 39 43 45 49
14 19 23 29 33 35 36 41 43 48
3 5 7 8 12 14 17 20 22 23
23 27 34 37 42 49 53 55 59 61
24 28 32 37 46 48 52 55 58 61
20 24 28 34 38 41 42 50 53 55
14 17 20 26 27 33 37 38 41 42
2
22 222
2 22
22 222
4
4 5 6 7
3 4 5 6
2 3 4 5
4 5 6 7
3 4 5 6
2 3 4 5
1 2 3 4
9
7 10 12 14 16 17 19 22 25
11 14 16 18 19 22 24 25 29
4 6 8 9 10 12 13 16 17
6 8 9 10 12 14 15 18 20
8 10 11 13 15 16 18 19 21
12 16 17 20 21 24 25 26 30
12 14 15 16 18 19 22 24 25
15 16 18 21 23 25 27 29 30
10 12 13 15 16 17 20 22 24
2 3 4 5 6 7 9 11 12
9 12 13 15 18 20 22 23 27
3 5 6 8 10 12 14 15 16
4 6 8 9 11 13 15 17 18
3 5 6 8 9 10 12 14 16
2 3 4 6 8 10 12 14 15
14 15 17 19 20 22 23 25 26
5 8 9 10 13 15 16 19 21
2
2 4
4 8
2 6
2
22 222
2 22
2 22
6
7 8 10 12 14 18
9 12 14 16 18 20
5 7 9 11 13 16
7 10 12 13 14 15
6 8 9 11 12 13
2 3 4 5 7 8
8 9 12 13 15 20
3 4 6 8 10 12
4 6 7 9 12 14
3 4 6 7 8 9
4 6 7 9 10 12
9
13 18 20 26 29 33 35 36 39
21 25 29 36 39 40 43 47 49
15 19 23 28 33 37 38 40 43
8 16 18 20 23 25 29 33 36
4 8 10 13 15 18 21 23 25
18 23 25 32 35 39 40 43 46
26 28 32 36 40 43 47 49 53
23 26 31 35 38 40 43 48 50
25 30 36 42 46 48 50 53 56
15 21 27 29 33 35 39 43 46
4 7 8 11 15 19 23 26 27
8 12 16 20 21 22 26 28 32
7 12 14 18 19 23 25 26 30
10 14 18 23 27 29 31 32 34
11 20 23 26 28 32 36 38 42
19 22 29 33 37 39 40 47 48
27 32 34 39 43 46 49 53 56
6
9 11 16 19 22 25
12 17 19 23 24 29
3 6 9 10 14 15
3 7 10 12 14 15
15 21 25 29 30 35
14 19 22 27 28 31
10 14 20 23 27 29
10 14 16 20 23 27
14 17 23 24 28 30
15 18 27 29 31 35
7 9 11 14 17 18
5
10 13 16 17 20
2 5 8 10 13
2 4 7 10 11
10 13 16 17 18
7 10 14 16 18
8 11 14 16 17
4 8 11 13 15
5 8 10 13 16
11 16 17 18 21
9
11 15 18 24 27 30 33 35 37
10 19 24 30 33 36 42 46 47
19 25 29 31 39 42 43 47 51
26 28 34 40 46 47 53 56 58
7 12 17 18 20 24 29 33 34
13 19 20 26 31 33 36 39 41
7 11 12 14 17 19 22 23 24
5 11 13 15 19 21 25 27 28
23 27 33 37 43 46 49 50 55
15 21 24 29 35 36 38 43 46
17 24 31 37 41 46 51 55 58
9 17 22 27 31 35 39 43 46
9 13 17 21 22 24 26 28 31
15 23 28 35 39 43 47 50 56
13 22 26 33 36 38 43 49 53
4 5 7 8 9 10 13 15 17
8 14 21 24 26 29 31 37 40
2
3 4
3 6
4 9
6
1 3 5 6 7 8
3 5 7 8 10 11
5 6 9 10 12 14
6 8 10 12 13 15
7 9 11 13 15 17
1 3 5 6 8 10
3 5 6 8 9 11
8 10 12 13 15 17
6 8 10 12 13 16
10 11 14 16 17 18
5 7 9 10 11 13
10
21 23 26 30 33 38 40 41 43 48
21 23 28 29 32 33 36 38 41 43
9 15 17 19 23 25 27 29 32 37
23 25 31 34 37 40 42 44 47 48
9 12 13 15 17 19 20 22 23 26
12 16 19 22 24 27 29 32 33 40
5 9 12 14 15 18 19 21 23 25
17 19 23 25 27 29 33 34 38 40
20 21 23 28 31 35 38 40 41 47
7 12 13 16 17 20 23 25 28 31
3 5 7 8 9 12 14 17 20 21
17 19 22 26 27 32 34 37 38 44
3 6 9 11 13 14 17 19 21 23
6 9 12 14 15 16 18 19 21 23
14 18 20 23 25 27 30 32 35 38
8 14 15 17 20 23 25 28 29 34
13 15 17 20 23 24 26 27 31 33
11 14 16 17 19 22 25 26 28 30
14 18 20 25 26 30 33 34 36 42
7
43 85 98 122 130 139 162
31 48 63 98 112 139 151
10 21 31 49 68 87 100
97 143 151 157 158 197 205
49 62 69 122 133 145 157
81 119 139 145 157 182 192
65 98 112 133 150 151 176
21 40 62 85 98 119 143
100 123 130 162 176 192 205
87 96 110 139 151 182 197
10 24 37 43 65 81 97
37 62 63 69 91 110 130
68 79 91 130 150 157 158
8
19 25 33 36 37 40 45 48
21 30 35 38 43 44 50 54
5 6 8 11 15 19 21 26
21 32 34 36 47 48 54 57
12 22 24 28 32 37 43 46
8 15 16 22 24 29 32 34
11 19 23 25 28 30 33 36
5 7 9 11 12 15 17 21
17 27 32 33 42 45 50 52
6 11 12 17 22 26 27 32
7 11 15 19 21 25 30 35
15 26 29 30 37 40 44 49
9 12 16 23 28 33 35 38
15 21 28 31 32 37 42 47
26 35 38 41 46 49 52 57
7
9 10 13 19 21 23 27
14 18 19 23 26 30 32
6 9 12 16 19 22 25
4 10 12 13 17 19 22
13 22 25 27 28 32 34
5 8 10 13 16 19 22
15 19 22 24 27 33 34
11 19 22 23 27 30 33
12 15 17 22 24 27 28
3 8 9 10 15 18 19
6 13 16 19 22 23 24
2 3 4 6 8 11 13
2 5 6 9 12 14 15
7
15 16 17 18 19 20 21
1 8 15 22 29 36 43
1 2 3 4 5 6 7
36 37 38 39 40 41 42
43 44 45 46 47 48 49
4 11 18 25 32 39 46
8 9 10 11 12 13 14
22 23 24 25 26 27 28
3 10 17 24 31 38 45
7 14 21 28 35 42 49
5 12 19 26 33 40 47
29 30 31 32 33 34 35
6 13 20 27 34 41 48
10
6 9 12 14 18 22 25 26 28 32
10 18 21 25 26 28 32 33 39 43
3 4 5 9 10 14 17 21 24 28
4 9 12 13 17 19 23 26 30 31
7 12 16 18 21 23 26 27 29 34
17 25 26 31 35 39 42 44 48 49
24 31 38 41 43 44 49 52 56 59
20 26 27 32 33 38 44 48 51 52
12 17 20 21 26 30 35 36 40 44
21 26 27 32 36 41 46 48 51 52
5 12 16 19 20 24 25 27 34 38
28 32 34 37 44 46 51 52 57 59
14 22 23 29 30 31 34 38 40 44
19 23 25 30 32 34 42 46 47 51
3 6 7 10 12 15 19 20 23 24
15 19 24 26 28 31 39 41 44 46
23 30 34 38 39 40 48 51 53 57
10 13 19 20 25 29 31 32 35 37
24 28 29 35 40 44 47 51 53 56
4
3 5 7 8
1 3 5 6
6 8 11 13
1 3 5 6
3 5 6 7
5 6 9 11
5 7 9 11
4
6 7 8 11
1 2 3 4
3 4 5 7
4 6 7 9
2 4 6 7
1 3 4 6
4 7 9 11
10
54 72 100 128 133 150 175 185 202 213
21 22 36 54 58 74 77 89 91 102
92 158 182 202 208 232 252 259 272 293
65 110 124 133 165 166 193 213 229 241
31 68 77 100 117 124 130 146 170 180
43 93 114 128 140 159 172 176 195 220
89 126 146 176 213 223 238 242 259 282
81 148 171 185 202 221 227 242 262 289
72 122 125 150 176 193 205 223 239 265
74 87 124 159 166 193 205 221 232 251
22 44 68 93 110 122 126 148 158 159
21 27 31 43 65 72 75 81 92 115
36 56 77 114 124 125 134 171 182 198
91 133 170 195 229 239 242 262 272 292
58 80 117 140 165 176 196 202 208 223
27 44 56 72 80 87 109 126 133 158
102 158 180 220 241 265 286 289 293 308
77 109 130 172 193 205 221 227 252 258
75 126 134 175 196 205 221 238 242 286
10
5 6 7 9 10 11 13 14 16 18
8 9 10 13 15 16 17 21 23 24
14 15 18 19 24 26 28 29 30 32
10 13 14 15 17 18 21 23 24 28
6 8 10 11 13 14 16 17 18 19
4 5 7 10 11 12 14 17 19 20
9 11 12 13 16 17 19 21 23 26
1 3 5 6 7 9 10 12 13 14
12 13 14 17 20 21 23 25 27 30
12 15 17 19 21 22 24 25 26 29
13 14 16 18 22 23 24 26 29 31
6 7 9 11 12 13 15 19 21 23
13 17 19 21 23 24 26 27 29 30
3 4 5 7 9 10 11 13 14 15
7 9 11 12 15 16 18 20 22 24
9 10 11 14 16 17 18 22 24 25
14 18 20 23 24 25 28 30 31 32
10 11 13 16 18 19 21 24 26 28
2 4 6 8 9 11 13 15 17 18
3
2 3 4
3 4 5
1 2 3
2 3 4
3 4 5
3
1 2 3
3 4 5
1 2 3
2 3 4
2 3 4
4
2 3 4 6
4 6 8 10
3 4 7 9
6 8 9 10
2 3 5 8
4 5 7 8
1 2 3 4
10
4 5 7 9 11 14 15 17 19 20
8 11 15 18 21 24 25 27 29 33
15 16 21 23 25 27 30 35 38 40
7 8 12 15 18 21 24 26 29 30
1 2 4 6 8 9 12 14 16 17
18 21 23 24 27 28 32 38 39 41
6 9 12 15 18 20 23 24 28 30
9 14 17 21 23 26 27 28 32 35
19 23 25 28 29 32 34 39 40 44
20 25 27 30 33 35 38 42 43 46
17 20 25 30 33 37 40 41 44 46
5 7 9 12 15 17 19 21 23 25
2 5 7 8 11 15 16 21 23 25
16 19 23 29 31 35 38 39 40 43
10 11 15 18 21 23 25 28 31 33
4 7 9 12 15 18 21 23 25 27
12 15 19 24 25 29 30 32 34 38
12 15 18 20 24 26 29 32 35 37
14 17 21 26 28 32 35 38 39 42
3
2 4 5
2 4 5
1 2 3
1 2 4
4 5 6
5
5 8 12 16 18
7 9 13 19 22
2 7 10 13 16
8 11 14 22 25
4 7 8 9 11
5 10 12 13 14
7 13 16 19 22
8 16 18 22 25
1 2 5 7 8
6
14 16 18 23 26 29
11 14 18 21 24 26
8 10 13 15 17 18
11 15 17 22 24 26
10 13 16 19 22 23
3 5 8 10 11 14
12 17 21 23 26 29
5 9 10 13 14 17
3 6 8 10 11 12
8 10 13 16 18 21
10 12 15 19 21 23
7
5 10 14 17 19 20 31
23 25 26 29 30 32 34
2 7 8 9 10 11 24
4 9 13 16 17 18 29
22 24 27 28 31 33 34
1 2 3 4 5 6 22
2 7 8 9 10 11 25
1 2 3 4 5 6 23
6 11 15 18 20 21 33
6 11 15 18 20 21 32
3 8 12 13 14 15 27
4 9 13 16 17 18 28
3 8 12 13 14 15 26
2
6 8
4 8
2 6
2
4 7
7 11
4 5
2
2 4
4 8
6 8
4
6 9 12 15
7 10 12 15
5 8 10 11
3 5 6 8
3 4 7 8
8 11 15 17
8 12 15 17
8
12 15 19 23 26 28 29 30
17 20 23 29 32 35 36 39
3 10 14 15 18 20 25 27
18 23 25 29 32 36 39 43
21 26 27 30 34 39 41 44
21 25 28 31 35 38 39 41
2 6 10 12 14 17 21 23
17 21 24 28 30 35 38 39
23 27 29 34 38 39 43 44
2 3 6 9 13 17 18 21
10 14 15 19 22 24 25 27
9 13 19 23 25 29 31 34
13 17 22 26 29 32 35 38
6 10 11 13 17 21 23 26
14 18 22 25 29 30 32 34
3
4 5 7
1 3 4
3 6 7
1 2 3
2 4 5
4
59 78 81 112
74 88 105 112
55 59 79 81
25 52 59 88
31 52 54 78
18 25 49 59
18 31 55 74
7
6 8 10 11 12 14 15
4 5 8 10 11 14 16
9 12 13 16 18 20 21
7 9 11 12 14 18 20
7 10 12 14 16 18 19
6 7 9 11 12 16 18
1 2 3 4 6 7 8
4 5 7 8 9 11 13
2 3 5 6 8 10 12
3 4 7 9 10 12 13
5 6 9 10 11 12 14
8 11 13 14 15 19 21
2 3 4 5 7 9 11
7
10 13 15 20 23 26 28
11 14 17 20 21 22 25
14 17 18 23 26 28 31
16 19 22 25 31 33 35
5 8 9 13 15 18 19
3 5 7 10 11 13 16
8 9 11 15 17 19 22
5 8 9 14 17 18 20
3 5 8 11 14 15 16
13 18 19 22 28 29 31
7 9 11 17 18 20 23
11 15 17 21 26 28 29
15 18 20 26 28 29 33
4
1 5 9 13
9 10 11 12
2 6 10 14
3 7 11 15
13 14 15 16
4 8 12 16
5 6 7 8
3
3 4 5
3 4 5
2 3 4
1 2 3
1 2 3
10
46 48 50 53 55 56 59 60 63 64
6 14 21 27 32 36 37 38 39 56
3 11 18 19 20 21 22 23 24 50
4 12 19 25 26 27 28 29 30 52
5 13 20 26 31 32 33 34 35 54
9 17 24 30 35 39 42 44 45 63
2 10 11 12 13 14 15 16 17 49
5 13 20 26 31 32 33 34 35 55
1 2 3 4 5 6 7 8 9 46
1 2 3 4 5 6 7 8 9 47
3 11 18 19 20 21 22 23 24 51
9 17 24 30 35 39 42 44 45 62
4 12 19 25 26 27 28 29 30 53
8 16 23 29 34 38 41 43 44 60
7 15 22 28 33 37 40 41 42 59
2 10 11 12 13 14 15 16 17 48
7 15 22 28 33 37 40 41 42 58
8 16 23 29 34 38 41 43 44 61
47 49 51 52 54 57 58 61 62 64
